-0.1564 0.0000 0.9877
-0.3647 0.1434 0.9200
-0.4359 -0.1270 0.8910
-0.2580 -0.3736 0.8910
0.0357 -0.4526 0.8910
0.3133 -0.3285 0.8910
0.4504 -0.0571 0.8910
0.4115 0.2475 0.8772
0.2519 0.5053 0.8253
0.0034 0.6675 0.7446
-0.2872 0.7034 0.6502
-0.5647 0.6062 0.5600
-0.7768 0.3943 0.4911
-0.8832 0.1077 0.4565
-0.8682 -0.2002 0.4540
-0.7479 -0.4843 0.4540
-0.5379 -0.7103 0.4540
-0.2634 -0.8512 0.4540
0.0426 -0.8900 0.4540
0.3436 -0.8221 0.4540
0.6034 -0.6556 0.4540
0.7908 -0.4106 0.4540
0.8834 -0.1163 0.4540
0.8730 0.1922 0.4482
0.7716 0.4820 0.4152
0.5899 0.7247 0.3562
0.3459 0.8965 0.2769
0.0633 0.9807 0.1851
-0.2302 0.9690 0.0897
-0.5059 0.8626 0.0001
-0.7368 0.6719 -0.0749
-0.9005 0.4155 -0.1281
-0.9809 0.1185 -0.1542
-0.9692 -0.1901 -0.1564
-0.8631 -0.4801 -0.1564
-0.6727 -0.7232 -0.1564
-0.4165 -0.8956 -0.1564
-0.1195 -0.9804 -0.1564
0.1891 -0.9694 -0.1564
0.4792 -0.8637 -0.1564
0.7225 -0.6735 -0.1564
0.8951 -0.4174 -0.1564
0.9803 -0.1206 -0.1564
0.9687 0.1878 -0.1626
0.8581 0.4735 -0.1985
0.6615 0.7025 -0.2624
0.4024 0.8473 -0.3466
0.1119 0.8905 -0.4410
-0.1753 0.8269 -0.5343
-0.4245 0.6642 -0.6153
-0.6061 0.4219 -0.6743
-0.6982 0.1289 -0.7042
-0.6841 -0.1787 -0.7071
-0.5435 -0.4523 -0.7071
-0.3000 -0.6403 -0.7071
0.0002 -0.7071 -0.7071
0.3004 -0.6401 -0.7071
0.5438 -0.4520 -0.7071
0.6842 -0.1783 -0.7071
0.6896 0.1280 -0.7128
0.5198 0.3742 -0.7680
0.2404 0.4525 -0.8588
-0.0234 0.3278 -0.9445
-0.1531 0.0560 -0.9866
0.0082 -0.1562 -0.9877
0.1722 0.0700 -0.9826
0.4194 0.1003 -0.9022
0.4101 -0.1947 -0.8910
0.1952 -0.4099 -0.8910
-0.1073 -0.4411 -0.8910
-0.3616 -0.2745 -0.8910
-0.4538 0.0153 -0.8910
-0.3840 0.3140 -0.8683
-0.2002 0.5533 -0.8085
0.0628 0.6879 -0.7231
0.3554 0.6923 -0.6280
0.6220 0.5657 -0.5414
0.8122 0.3321 -0.4796
0.8902 0.0356 -0.4543
0.8491 -0.2702 -0.4540
0.7060 -0.5435 -0.4540
0.4783 -0.7517 -0.4540
0.1933 -0.8698 -0.4540
-0.1149 -0.8836 -0.4540
-0.4093 -0.7914 -0.4540
-0.6547 -0.6044 -0.4540
-0.8215 -0.3449 -0.4540
-0.8899 -0.0440 -0.4540
-0.8571 0.2628 -0.4430
-0.7357 0.5440 -0.4035
-0.5376 0.7720 -0.3392
-0.2823 0.9245 -0.2562
0.0054 0.9867 -0.1627
0.2973 0.9524 -0.0679
0.5648 0.8250 0.0190
0.7819 0.6169 0.0896
0.9272 0.3486 0.1368
0.9867 0.0462 0.1561
0.9526 -0.2607 0.1564
0.8256 -0.5422 0.1564
0.6178 -0.7706 0.1564
0.3496 -0.9237 0.1564
0.0473 -0.9866 0.1564
-0.2597 -0.9529 0.1564
-0.5413 -0.8262 0.1564
-0.7700 -0.6186 0.1564
-0.9234 -0.3506 0.1564
-0.9865 -0.0483 0.1564
-0.9514 0.2580 0.1682
-0.8191 0.5334 0.2112
-0.6054 0.7448 0.2806
-0.3360 0.8669 0.3682
-0.0431 0.8851 0.4634
0.2382 0.7972 0.5547
0.4741 0.6137 0.6314
0.6363 0.3566 0.6841
0.7054 0.0568 0.7065
0.6622 -0.2479 0.7071
0.4943 -0.5056 0.7071
0.2329 -0.6677 0.7071
-0.0726 -0.7034 0.7071
-0.3644 -0.6060 0.7071
-0.5872 -0.3939 0.7071
-0.6989 -0.1073 0.7071
-0.6649 0.1957 0.7208
-0.4601 0.4103 0.7874
-0.1723 0.4409 0.8809
0.0692 0.2736 0.9593
